Name         a (AU)       e       sin I     n (deg/yr)     g ("/yr)     s ("/yr)  
10321       2.3292228  0.0507626 0.0939696  101.259373    35.985053   -37.225899
294272      2.3293934  0.0506660 0.0938643  101.248247    35.993652   -37.231803
451686      2.3283709  0.0508243 0.0939291  101.314961    35.957375   -37.195642
546329      2.3279937  0.0508252 0.0938575  101.339599    35.946838   -37.182406
562123      2.3280912  0.0507845 0.0939294  101.333098    35.949751   -37.184774
601678      2.3285981  0.0509108 0.0938695  101.300133    35.966795   -37.205920
625985      2.3284702  0.0508608 0.0938489  101.308481    35.962936   -37.200675
637548      2.3280426  0.0508542 0.0938899  101.336407    35.948662   -37.184311
2005VO22    2.3281291  0.0507921 0.0938895  101.331087    35.949564   -37.186502
2007XP67    2.3287345  0.0509553 0.0938700  101.291229    35.971458   -37.211642
2008GZ170   2.3281198  0.0508265 0.0938699  101.331605    35.947405   -37.186900
2008SW341   2.3296506  0.0508788 0.0938835  101.231479    36.002107   -37.244334
2009HD95    2.3284877  0.0509387 0.0938620  101.307338    35.963284   -37.202340
2009SR371   2.3290056  0.0507594 0.0938952  101.273541    35.979741   -37.218509
2009WB276   2.3286150  0.0509810 0.0938855  101.299032    35.966970   -37.207484
2010VP264   2.3278917  0.0508038 0.0939281  101.346257    35.941083   -37.177637
2011WC22    2.3282336  0.0508290 0.0939322  101.323928    35.952956   -37.190591
2012VE126   2.3294483  0.0507971 0.0939563  101.244662    35.993140   -37.234889
2013RL101   2.3281268  0.0508247 0.0938737  101.331209    35.946556   -37.187116
2013VC30    2.3283648  0.0509405 0.0938829  101.315360    35.958558   -37.197635
2013VE51    2.3280115  0.0510159 0.0939054  101.338411    35.946548   -37.185474
2014HN87    2.3279010  0.0508172 0.0938893  101.345647    35.942490   -37.178567
2014HS9     2.3284484  0.0509723 0.0938873  101.309901    35.961274   -37.201167
2014ST44    2.3292265  0.0509558 0.0938382  101.259130    35.989062   -37.230183
2015BB184   2.3281622  0.0507955 0.0939162  101.327847    35.952098   -37.188077
2015TA367   2.3294755  0.0507905 0.0939813  101.242891    35.993364   -37.235555
2015TM372   2.3290117  0.0506650 0.0938846  101.273145    35.980139   -37.217416
2015VK190   2.3296252  0.0506685 0.0938833  101.233130    36.001008   -37.240252
2016GJ353   2.3292258  0.0510752 0.0939165  101.259177    35.987003   -37.231198
2016PR196   2.3299227  0.0508748 0.0938712  101.213736    36.011694   -37.254484
2016TE87    2.3284305  0.0510126 0.0939004  101.311081    35.960346   -37.200983
2017UH21    2.3285981  0.0507905 0.0939222  101.300133    35.965199   -37.203608
2018NN9     2.3284580  0.0507151 0.0939070  101.309279    35.960768   -37.197463
2018PS68    2.3297782  0.0506037 0.0938587  101.223158    36.006793   -37.245214
2019PC41    2.3286434  0.0507177 0.0939026  101.297172    35.967193   -37.204396
2020MO19    2.3281249  0.0508845 0.0939291  101.331490    35.945424   -37.187183
2020PJ53    2.3294265  0.0508134 0.0939387  101.246083    35.992914   -37.234488
2021QC81    2.3285617  0.0508128 0.0938983  101.302514    35.964633   -37.202828
2022QE61    2.3296583  0.0508417 0.0938992  101.230969    36.001886   -37.243923
2022QU76    2.3289476  0.0506991 0.0938646  101.277331    35.978506   -37.215793
2022QY123   2.3279594  0.0508488 0.0939173  101.341838    35.943871   -37.180918
2022RX76    2.3292454  0.0508009 0.0938796  101.257897    35.988389   -37.228147
