Name         a (AU)       e       sin I     n (deg/yr)     g ("/yr)     s ("/yr)  
1270        2.2346236  0.1520992 0.0920445  107.758057    32.972240   -36.639469
60151       2.2348764  0.1520923 0.0920091  107.740085    32.984663   -36.649638
89309       2.2352054  0.1523488 0.0920936  107.716096    33.005389   -36.673637
90265       2.2349806  0.1521589 0.0920275  107.732613    32.987808   -36.656364
203370      2.2349159  0.1522121 0.0919356  107.737156    32.989237   -36.657149
215619      2.2345764  0.1521483 0.0920662  107.761657    32.969739   -36.639186
338309      2.2349879  0.1520829 0.0918976  107.731544    32.991609   -36.655618
429988      2.2313305  0.1532145 0.0897779  107.994869    32.916540   -36.582664
433382      2.2346519  0.1520354 0.0920030  107.756105    32.974300   -36.638369
452713      2.2367659  0.1532267 0.0920049  107.603251    33.052316   -36.770692
485010      2.2357004  0.1525947 0.0920829  107.689822    33.024468   -36.696701
553350      2.2358309  0.1524499 0.0916258  107.674197    33.038098   -36.706652
585600      2.2349742  0.1520741 0.0919447  107.732486    32.988335   -36.653928
628444      2.2348154  0.1520847 0.0920561  107.744187    32.980545   -36.646446
2002RH291   2.2349579  0.1520217 0.0919634  107.734934    32.989516   -36.650350
2002UU58    2.2350884  0.1520018 0.0919179  107.724511    32.998731   -36.656522
2003UD112   2.2350687  0.1522502 0.0919558  107.725956    32.997079   -36.664982
2005RK54    2.2365432  0.1530535 0.0918118  107.617361    33.060048   -36.760712
2006KA77    2.2343045  0.1519847 0.0920921  107.781310    32.958288   -36.621628
2006SD382   2.2357405  0.1524321 0.0920698  107.675589    33.036269   -36.702811
2006SY376   2.2331624  0.1515547 0.0920622  107.863913    32.918714   -36.560588
2006WV222   2.2349720  0.1519812 0.0918554  107.732868    32.992592   -36.650879
2007RM332   2.2347849  0.1519781 0.0919647  107.746389    32.980968   -36.642078
2008YV51    2.2349780  0.1522083 0.0919586  107.732172    32.988885   -36.659735
2010VB265   2.2349772  0.1522208 0.0921164  107.732389    32.984905   -36.657639
2010VN260   2.2349131  0.1520125 0.0920945  107.737581    32.984391   -36.646809
2010VU261   2.2347546  0.1521602 0.0920651  107.748736    32.977423   -36.646740
2012VN143   2.2350955  0.1519952 0.0918837  107.723992    32.999935   -36.657065
2014NZ88    2.2349587  0.1520168 0.0919182  107.733437    32.991489   -36.651826
2014OA86    2.2345987  0.1517875 0.0919315  107.759925    32.973390   -36.627151
2014OE206   2.2351110  0.1520486 0.0919184  107.722881    33.000336   -36.659452
2014OR378   2.2348167  0.1520264 0.0919788  107.744088    32.982206   -36.645194
2014OY85    2.2340091  0.1519366 0.0920993  107.802709    32.946882   -36.608020
2014WG250   2.2347567  0.1520495 0.0920312  107.748262    32.978374   -36.643126
2014WL96    2.2358718  0.1531444 0.0920206  107.673309    33.039921   -36.731746
2014WM249   2.2334352  0.1517928 0.0922126  107.844206    32.924797   -36.579172
2014WT96    2.2351064  0.1521691 0.0919228  107.723222    33.000094   -36.664005
2015PD191   2.2366865  0.1528974 0.0919416  107.608835    33.053560   -36.755942
2015PH144   2.2342426  0.1521211 0.0920732  107.785689    32.956806   -36.624961
2015PQ47    2.2348259  0.1520496 0.0920017  107.743608    32.982104   -36.646025
2015PR301   2.2349416  0.1520329 0.0918127  107.734540    32.993662   -36.653312
2015QW31    2.2346162  0.1520230 0.0919848  107.758728    32.973207   -36.636601
2015SS31    2.2358166  0.1529625 0.0921331  107.671013    33.009575   -36.718456
2015TL455   2.2350302  0.1520021 0.0918869  107.729001    32.995657   -36.654345
2015TU306   2.2360473  0.1520839 0.0920421  107.652325    33.044684   -36.702508
2015WQ25    2.2349422  0.1519700 0.0919835  107.735220    32.989120   -36.647906
2015XK452   2.2349059  0.1520047 0.0920557  107.738159    32.985237   -36.646768
2015XK88    2.2344290  0.1520341 0.0920585  107.772197    32.964003   -36.628963
2015XQ432   2.2349225  0.1521077 0.0919875  107.736338    32.988592   -36.653039
2015XX321   2.2351204  0.1520741 0.0919225  107.722217    33.000901   -36.660905
2016PY22    2.2358304  0.1531704 0.0920086  107.672980    33.041013   -36.736156
2016TR115   2.2349545  0.1520339 0.0919212  107.734926    32.989288   -36.651107
2016TW15    2.2349475  0.1520481 0.0919409  107.734327    32.990339   -36.652045
2017OS162   2.2359870  0.1529517 0.0920208  107.659579    32.996428   -36.723927
2017OU162   2.2349794  0.1520507 0.0919114  107.732342    32.988409   -36.653202
2017QX88    2.2358156  0.1528894 0.0922809  107.675782    33.019991   -36.714621
2017SC233   2.2338420  0.1525073 0.0923853  107.814213    32.935511   -36.622863
2017SG152   2.2358354  0.1527024 0.0922232  107.672235    33.035593   -36.713060
2017SS269   2.2359499  0.1525444 0.0922712  107.662115    33.008565   -36.702167
2017SU3     2.2349844  0.1520979 0.0918568  107.732073    32.992283   -36.656248
2017SV143   2.2366023  0.1533742 0.0921820  107.612965    33.050808   -36.770766
2017SV193   2.2348542  0.1520898 0.0920288  107.741441    32.983147   -36.648513
2017UU155   2.2357042  0.1523609 0.0921329  107.678457    33.031179   -36.697122
2017UW137   2.2339840  0.1517855 0.0920671  107.804252    32.947293   -36.601525
2017VP37    2.2349569  0.1520610 0.0920448  107.733622    32.986543   -36.651679
2017WC50    2.2349129  0.1520353 0.0920167  107.737515    32.986649   -36.648769
2018TM7     2.2349873  0.1520303 0.0919053  107.731935    32.989884   -36.652706
2018UL40    2.2366505  0.1524932 0.0916311  107.609712    33.059768   -36.744136
2018UN34    2.2357727  0.1521564 0.0914422  107.677048    33.039696   -36.696654
2019QA14    2.2348587  0.1519311 0.0920268  107.741150    32.983076   -36.642455
2019SE28    2.2342583  0.1520818 0.0920989  107.784618    32.956693   -36.623699
2019TD28    2.2361336  0.1526536 0.0914903  107.641909    33.061486   -36.738671
2019XJ15    2.2362116  0.1526247 0.0915833  107.652438    33.048255   -36.725102
2020OS89    2.2346240  0.1525955 0.0922630  107.758207    32.967541   -36.657203
2020PM28    2.2349664  0.1520672 0.0919930  107.732939    32.989711   -36.653368
2020QM36    2.2349704  0.1521078 0.0919578  107.733429    32.988891   -36.654361
2020RR103   2.2358925  0.1526854 0.0927831  107.666366    32.913075   -36.703456
2020UV37    2.2359116  0.1525853 0.0918509  107.664577    32.980651   -36.707601
2021NF47    2.2347572  0.1520512 0.0920165  107.748345    32.978665   -36.643331
2021NK57    2.2351812  0.1521315 0.0918353  107.717996    33.007983   -36.666953
2021PX107   2.2349438  0.1519521 0.0919451  107.735112    32.989496   -36.647992
2021QZ40    2.2347875  0.1521179 0.0920313  107.746337    32.979732   -36.646831
2021RB114   2.2349619  0.1520356 0.0919658  107.733464    32.988728   -36.651345
2021RE149   2.2346412  0.1520257 0.0920392  107.756839    32.972961   -36.637249
2021VU20    2.2365418  0.1524893 0.0914229  107.617605    33.067723   -36.743579
2022PN15    2.2357740  0.1524682 0.0917672  107.676427    33.038026   -36.706066
2022QC148   2.2347438  0.1520815 0.0920594  107.749478    32.976992   -36.643331
2022QK69    2.2358781  0.1519453 0.0917919  107.663356    33.043162   -36.694490
2022QT171   2.2366184  0.1525523 0.0918490  107.613193    33.056326   -36.741593
2022SO76    2.2343536  0.1520715 0.0920414  107.777667    32.961615   -36.627641
2022SV168   2.2364638  0.1532423 0.0919187  107.623685    33.062439   -36.765398
2022TV22    2.2367581  0.1532905 0.0921791  107.603839    33.048250   -36.771067