Name         a (AU)       e       sin I     n (deg/yr)     g ("/yr)     s ("/yr)  
14627       2.5992389  0.1759808 0.2959963   85.894988    33.888411   -48.588366
126761      2.5995005  0.1760815 0.2960312   85.882117    33.886503   -48.605316
224559      2.5993961  0.1757770 0.2959853   85.887025    33.888412   -48.580920
256124      2.5993719  0.1757736 0.2959962   85.888694    33.887241   -48.579900
434002      2.6000234  0.1758728 0.2960324   85.856137    33.887452   -48.614724
476673      2.5999400  0.1759008 0.2959962   85.860307    33.891506   -48.614696
2009VF107   2.6002740  0.1757358 0.2959891   85.843805    33.892930   -48.617577
2014UV143   2.6000898  0.1758327 0.2960138   85.852956    33.889723   -48.615396
2018VB69    2.5993006  0.1758642 0.2959479   85.891851    33.893180   -48.583998
2015WH29    2.5989965  0.1760364 0.2959752   85.907146    33.890046   -48.582464
2016CS377   2.5996400  0.1758908 0.2959472   85.875340    33.895456   -48.601448
2017UY114   2.5996253  0.1759155 0.2960155   85.876086    33.887769   -48.600776
2022SA160   2.5999671  0.1759953 0.2960030   85.859081    33.891661   -48.621857
