Name         a (AU)       e       sin I     n (deg/yr)     g ("/yr)     s ("/yr)  
18777       2.5637057  0.1870969 0.0551365   87.683500    53.219070   -55.967187
57738       2.5638277  0.1870131 0.0551562   87.678012    53.215583   -55.976079
363118      2.5635333  0.1868725 0.0551571   87.693115    53.222232   -55.927283
381414      2.5639496  0.1871847 0.0551727   87.671722    53.213833   -56.004103
436620      2.5638208  0.1870161 0.0551425   87.678339    53.215755   -55.973563
450571      2.5634016  0.1867702 0.0551692   87.699786    53.224517   -55.904040
465404      2.5636597  0.1866284 0.0551061   87.685622    53.214473   -55.927403
520394      2.5633990  0.1867846 0.0552006   87.700120    53.224378   -55.904666
537249      2.5634683  0.1868851 0.0551843   87.697022    53.224837   -55.920960
548822      2.5639766  0.1871245 0.0551192   87.670332    53.212967   -56.000803
557505      2.5631858  0.1866261 0.0551672   87.710921    53.229588   -55.865824
2007EH116   2.5638387  0.1871292 0.0551505   87.677420    53.216562   -55.983639
2007HC54    2.5635814  0.1869367 0.0551077   87.690983    53.222939   -55.934689
2008WV149   2.5632961  0.1867716 0.0551920   87.705319    53.227768   -55.892046
2009SY179   2.5634147  0.1867501 0.0551756   87.699157    53.223782   -55.904486
2010GN203   2.5636029  0.1870435 0.0551762   87.689501    53.222765   -55.952003
2011SU302   2.5634017  0.1868143 0.0552073   87.699794    53.224431   -55.908283
2012JM71    2.5638470  0.1870791 0.0551638   87.677003    53.215416   -55.981894
2012LN31    2.5640207  0.1872339 0.0551360   87.668075    53.213032   -56.015392
2013JG48    2.5634027  0.1867686 0.0551736   87.699797    53.224499   -55.904558
2013MW20    2.5636612  0.1868844 0.0551457   87.685794    53.217567   -55.949404
2013NA73    2.5642231  0.1873158 0.0551307   87.657694    53.208329   -56.046110
2014HH103   2.5635401  0.1867892 0.0551357   87.692998    53.220926   -55.920238
2014JH120   2.5634012  0.1868108 0.0552049   87.699797    53.224583   -55.908647
2014KY102   2.5636633  0.1871189 0.0551313   87.685697    53.221721   -55.966106
2014NN71    2.5635961  0.1865933 0.0551823   87.689792    53.214982   -55.910872
2014OG277   2.5627594  0.1867999 0.0551633   87.733080    53.247619   -55.828692
2014OJ66    2.5634595  0.1867979 0.0551909   87.697568    53.223132   -55.910822
2014PJ87    2.5631215  0.1866158 0.0552630   87.714228    53.229725   -55.859173
2014QL520   2.5635222  0.1869863 0.0551072   87.693948    53.225635   -55.933521
2014QQ580   2.5636942  0.1872381 0.0551939   87.685951    53.223074   -55.973782
2015FV225   2.5633611  0.1867582 0.0551470   87.701905    53.226367   -55.898236
2015HV138   2.5638175  0.1870242 0.0551561   87.678487    53.215892   -55.975088
2015KA91    2.5640616  0.1872052 0.0551447   87.665920    53.211095   -56.018139
2015KM237   2.5640357  0.1873156 0.0551725   87.667313    53.212923   -56.023778
2015OP104   2.5635270  0.1871821 0.0551328   87.694096    53.228730   -55.949667
2015PA184   2.5627870  0.1865042 0.0551160   87.731489    53.240859   -55.808496
2015PM156   2.5641224  0.1871841 0.0551150   87.662842    53.209512   -56.023047
2015XL282   2.5632635  0.1866767 0.0551779   87.706980    53.227713   -55.879727
2016GW276   2.5635526  0.1867396 0.0551731   87.692317    53.219829   -55.918403
2016GY256   2.5632734  0.1867215 0.0552282   87.706383    53.226937   -55.886711
2016GZ310   2.5636018  0.1871449 0.0551946   87.690715    53.224435   -55.956466
2017NY29    2.5640359  0.1872071 0.0551323   87.667272    53.212063   -56.014238
2017PA68    2.5639371  0.1870850 0.0551072   87.672385    53.214165   -55.994045
2017PK70    2.5627926  0.1865765 0.0551654   87.731002    53.238986   -55.821308
2017SM25    2.5635469  0.1870680 0.0551677   87.693227    53.225488   -55.943085
2017SQ83    2.5635382  0.1867484 0.0552028   87.693195    53.218939   -55.916401
2017WO47    2.5635124  0.1868676 0.0551764   87.694278    53.222371   -55.923462
2018NQ48    2.5632557  0.1867093 0.0552188   87.707472    53.227468   -55.880932
2019GR115   2.5636385  0.1865447 0.0551440   87.687277    53.214032   -55.915836
2019NP44    2.5635921  0.1864599 0.0551954   87.690549    53.213888   -55.903163
2019PS30    2.5633336  0.1867247 0.0551762   87.703279    53.225946   -55.892546
2020HQ57    2.5643072  0.1872153 0.0550481   87.653468    53.206079   -56.047405
2020JM31    2.5633990  0.1867921 0.0551717   87.699931    53.225146   -55.906272
2020KP36    2.5644436  0.1873551 0.0550927   87.646376    53.203162   -56.074871
2020OY50    2.5633124  0.1866650 0.0551370   87.704332    53.226550   -55.884205
2021MO5     2.5632553  0.1866367 0.0551522   87.707423    53.227836   -55.875256
2023JA22    2.5638775  0.1869759 0.0551635   87.675325    53.212630   -55.977555
2023JZ8     2.5632113  0.1866801 0.0551372   87.709635    53.230219   -55.872584
