Name         a (AU)       e       sin I     n (deg/yr)     g ("/yr)     s ("/yr)  
22280       3.0406838  0.2350279 0.0339524   67.871037   105.716718  -115.503475
180105      3.0411150  0.2351864 0.0339609   67.856461   105.660261  -115.615038
284995      3.0406291  0.2350488 0.0339618   67.871476   105.722959  -115.512166
296045      3.0413145  0.2352544 0.0339518   67.847190   105.621221  -115.658644
324154      3.0409803  0.2350010 0.0339384   67.861391   105.660425  -115.527562
446436      3.0404901  0.2353459 0.0340224   67.875899   105.800822  -115.612740
472944      3.0416585  0.2347713 0.0338946   67.836553   105.501978  -115.498390
513829      3.0405914  0.2349724 0.0339501   67.872399   105.715396  -115.475483
43239       3.0402316  0.2348712 0.0339080   67.882308   105.774322  -115.385570
391017      3.0398682  0.2347456 0.0340142   67.897244   105.895879  -115.337521
459310      3.0409806  0.2349327 0.0339345   67.860759   105.636416  -115.493321
514734      3.0415991  0.2349105 0.0338757   67.838807   105.534835  -115.546325
