Name         a (AU)       e       sin I     n (deg/yr)     g ("/yr)     s ("/yr)  
2384        2.6099191  0.1625711 0.2307330   85.366677    41.319945   -50.983957
81337       2.6094294  0.1626777 0.2307303   85.391171    41.310966   -50.968915
271044      2.6094931  0.1625342 0.2307250   85.388143    41.311845   -50.961784
286239      2.6095577  0.1626341 0.2307329   85.384719    41.313010   -50.972334
457075      2.6103866  0.1623871 0.2307170   85.344189    41.329595   -50.996066
484810      2.6097728  0.1625719 0.2307299   85.374300    41.317044   -50.978351
508193      2.6094547  0.1627268 0.2307185   85.389921    41.313075   -50.974350
593122      2.6098627  0.1625466 0.2307325   85.369906    41.318599   -50.980973
626315      2.6099662  0.1624688 0.2307295   85.364813    41.320421   -50.980548
2008GW33    2.6093794  0.1624548 0.2307041   85.393625    41.310980   -50.951296
2008RA126   2.6099688  0.1624822 0.2307393   85.364691    41.319680   -50.981251
2012FM46    2.6100490  0.1625337 0.2307328   85.360764    41.322209   -50.989270
538410      2.6098568  0.1623637 0.2307339   85.370202    41.316992   -50.967276
583004      2.6092535  0.1627262 0.2307179   85.399801    41.308985   -50.964302
583246      2.6090839  0.1626000 0.2307363   85.408136    41.303181   -50.945887
583459      2.6092290  0.1625779 0.2307362   85.401013    41.305850   -50.951510
633027      2.6098486  0.1624606 0.2307350   85.370589    41.317419   -50.973854
2001BB85    2.6099644  0.1624996 0.2307177   85.364900    41.321630   -50.983122
2005EB352   2.6095592  0.1625792 0.2307169   85.384889    41.313903   -50.968670
2008FF47    2.6095062  0.1625143 0.2307200   85.387395    41.312281   -50.961210
2012FW85    2.6096734  0.1625304 0.2307161   85.379182    41.316066   -50.970950
2013EQ37    2.6093441  0.1626925 0.2307135   85.395361    41.310849   -50.966423
2013GV46    2.6092850  0.1625357 0.2307249   85.398263    41.307582   -50.951605
2015GB17    2.6098350  0.1625363 0.2307195   85.371258    41.319201   -50.979333
2015HB205   2.6097289  0.1625295 0.2307156   85.376502    41.317336   -50.973772
2015RD144   2.6103249  0.1623847 0.2307290   85.347212    41.327039   -50.992283
2016DE45    2.6093404  0.1624180 0.2307273   85.395542    41.307447   -50.945685
2016DY45    2.6092788  0.1624764 0.2307143   85.398557    41.308054   -50.947434
2016EF9     2.6092737  0.1625349 0.2307018   85.398816    41.309791   -50.951968
2016EH195   2.6092670  0.1625708 0.2307273   85.399138    41.307326   -50.953205
2016ES280   2.6096909  0.1625420 0.2307084   85.378331    41.317297   -50.973017
2016FT28    2.6091782  0.1625956 0.2307421   85.403509    41.304405   -50.949996
2017FC76    2.6094427  0.1625145 0.2307202   85.390528    41.311140   -50.958110
2018FK55    2.6097147  0.1625393 0.2307141   85.377195    41.317279   -50.973883
2019FD26    2.6096137  0.1625117 0.2307136   85.382092    41.314798   -50.966681
2022EU8     2.6090854  0.1625926 0.2307338   85.408060    41.303202   -50.945459
