Name         a (AU)       e       sin I     n (deg/yr)     g ("/yr)     s ("/yr)  
338073      2.1966777  0.1163795 0.0194060  110.562983    32.675167   -34.442169
529915      2.1967793  0.1164262 0.0194153  110.555299    32.678419   -34.446634
2016SQ14    2.1966402  0.1163985 0.0194120  110.565811    32.673942   -34.441819
2001KY82    2.1969459  0.1164665 0.0194871  110.542732    32.683536   -34.453132
2002FD44    2.1969891  0.1164242 0.0194569  110.539470    32.685068   -34.453189
2006UL238   2.1965176  0.1164124 0.0191973  110.575221    32.671991   -34.435721
2013VC79    2.1966399  0.1163910 0.0195100  110.565836    32.673311   -34.442298
2015RA194   2.1963459  0.1162964 0.0193158  110.587136    32.663122   -34.428794
2015TO83    2.1966688  0.1164132 0.0194474  110.563654    32.674585   -34.443716
2019OU6     2.1961405  0.1160764 0.0192182  110.603558    32.658933   -34.415253
2019SL111   2.1963337  0.1166125 0.0189855  110.589186    32.662181   -34.434442
2021NV62    2.1961088  0.1164388 0.0190223  110.605951    32.659263   -34.423926
2022OQ48    2.1963232  0.1164970 0.0190875  110.588059    32.667915   -34.432491
2023QN12    2.1963361  0.1163303 0.0190013  110.588772    32.653759   -34.427073
