Name         a (AU)       e       sin I    n (deg/yr)     g ("/yr)     s ("/yr)  
525        2.2452337  0.1516114 0.1157649  106.995045    32.675743   -36.832505
422494     2.2456962  0.1511831 0.1159684  106.961001    32.681272   -36.831261
452322     2.2462710  0.1519367 0.1158215  106.920252    32.709314   -36.881505
463394     2.2450432  0.1516111 0.1157832  107.008302    32.668813   -36.825662
475474     2.2451485  0.1512813 0.1157270  107.001150    32.673283   -36.816458
486081     2.2456593  0.1512840 0.1157411  106.966410    32.688129   -36.833480
504375     2.2456984  0.1514785 0.1158237  106.963098    32.689080   -36.843025
517580     2.2457038  0.1514009 0.1155591  106.961629    32.673793   -36.842109
534611     2.2458014  0.1516949 0.1157146  106.953936    32.700316   -36.856548
545614     2.2457298  0.1511629 0.1157885  106.959645    32.683556   -36.832418
552867     2.2457386  0.1518393 0.1157971  106.958474    32.694536   -36.859552
555571     2.2451593  0.1517572 0.1158252  107.000426    32.671634   -36.834462
569552     2.2457134  0.1520679 0.1158305  106.961381    32.680539   -36.866925
572830     2.2456931  0.1519669 0.1158122  106.961807    32.685397   -36.862210
572868     2.2457056  0.1512505 0.1159659  106.961791    32.672320   -36.832949
578969     2.2457018  0.1517658 0.1158325  106.962050    32.668324   -36.854572
593790     2.2450376  0.1515941 0.1157707  107.008975    32.668740   -36.824787
616487     2.2456728  0.1515422 0.1158712  106.963891    32.686043   -36.843858
634009     2.2456990  0.1519943 0.1157327  106.961526    32.671499   -36.865081
2004HJ85   2.2457122  0.1514485 0.1161552  106.960705    32.660231   -36.840516
2004HU76   2.2456993  0.1510781 0.1157316  106.962397    32.681604   -36.826488
2005UF193  2.2457093  0.1513147 0.1159864  106.961530    32.675829   -36.835684
2006SK449  2.2457378  0.1516393 0.1157891  106.961418    32.690857   -36.848345
2007TA504  2.2457043  0.1519560 0.1158961  106.961581    32.667090   -36.862027
2007VT345  2.2452132  0.1516217 0.1158687  106.996495    32.672121   -36.831490
2008ET179  2.2457735  0.1517977 0.1157419  106.959262    32.696683   -36.856759
2008UR414  2.2457206  0.1511073 0.1158932  106.961022    32.690390   -36.826429
2009WJ157  2.2457558  0.1510011 0.1157969  106.957421    32.694239   -36.827087
2010VF260  2.2457244  0.1521148 0.1159937  106.959980    32.675216   -36.868504
2010XB115  2.2454022  0.1513585 0.1157879  106.982937    32.681771   -36.828520
2012TM342  2.2450151  0.1516881 0.1157548  107.010902    32.668447   -36.827654
2013CH251  2.2457059  0.1512096 0.1157989  106.961475    32.664009   -36.832538
2013GR162  2.2458328  0.1514886 0.1157653  106.950597    32.699722   -36.851685
2013HB97   2.2460957  0.1516539 0.1157298  106.933510    32.705987   -36.864668
2013TR236  2.2459956  0.1510365 0.1159810  106.940806    32.694870   -36.834766
2013TY219  2.2448434  0.1515884 0.1157934  107.022758    32.661489   -36.817775
2014EM164  2.2450398  0.1515460 0.1157830  107.009567    32.667909   -36.822474
2014EQ81   2.2460911  0.1519449 0.1158711  106.933846    32.702290   -36.874527
2014EU96   2.2457197  0.1512515 0.1157994  106.960859    32.677553   -36.835108
2014JY105  2.2462550  0.1515368 0.1158436  106.921494    32.707016   -36.864603
2014WM167  2.2457333  0.1515252 0.1157546  106.959093    32.687362   -36.846989
2015BE285  2.2453670  0.1511791 0.1158492  106.985631    32.677554   -36.819905
2015HU72   2.2456792  0.1508725 0.1159253  106.964302    32.677972   -36.816068
2015RM186  2.2462383  0.1519369 0.1157611  106.923288    32.709734   -36.880069
2015TD44   2.2446766  0.1515670 0.1157500  107.034862    32.657115   -36.811444
2015UR18   2.2456873  0.1513097 0.1160726  106.962518    32.661315   -36.833013
2015XC92   2.2460889  0.1514761 0.1160977  106.934022    32.694310   -36.854091
2016AH353  2.2455792  0.1514204 0.1158089  106.973073    32.688695   -36.834256
2016AL322  2.2454007  0.1513599 0.1160488  106.982995    32.673899   -36.826134
2016CP95   2.2461554  0.1515009 0.1156823  106.929254    32.708652   -36.861239
2016CX104  2.2446383  0.1515858 0.1158003  107.037701    32.654347   -36.810588
2016EX318  2.2447129  0.1515525 0.1157826  107.032480    32.657224   -36.811664
2016FA34   2.2453694  0.1514544 0.1159296  106.985020    32.676592   -36.829895
2016FR33   2.2456570  0.1521878 0.1159819  106.965427    32.678049   -36.867505
2016GO11   2.2447557  0.1516131 0.1157831  107.029230    32.658762   -36.816091
2016QE71   2.2457089  0.1510989 0.1158165  106.961372    32.691793   -36.828779
2016TN41   2.2445409  0.1516207 0.1157969  107.044642    32.651377   -36.808533
2016UO110  2.2450447  0.1516894 0.1157744  107.008729    32.668979   -36.828647
2017AU38   2.2457144  0.1515897 0.1157162  106.960610    32.679156   -36.848992
2017HL72   2.2462644  0.1516303 0.1156988  106.921375    32.711565   -36.870067
2017RS100  2.2449639  0.1511789 0.1160494  107.014273    32.656908   -36.803507
2017TG26   2.2450487  0.1517084 0.1158123  107.008216    32.667994   -36.830130
2017UF65   2.2451274  0.1515548 0.1159088  107.002732    32.667453   -36.825332
2017WP50   2.2449379  0.1516561 0.1158653  107.016283    32.662511   -36.822821
2019BT11   2.2452314  0.1517372 0.1158109  106.995522    32.674509   -36.836233
2019TC62   2.2462753  0.1518723 0.1158108  106.920892    32.708764   -36.878603
2019YE29   2.2460345  0.1514756 0.1158916  106.937949    32.699239   -36.854155
2019YU35   2.2462561  0.1511604 0.1160908  106.922000    32.698602   -36.847463
2020ML45   2.2457124  0.1513653 0.1159639  106.960956    32.662839   -36.836954
2020PM79   2.2453830  0.1510890 0.1159681  106.984240    32.674960   -36.815351
2022BM6    2.2457126  0.1518458 0.1157563  106.960670    32.691222   -36.859345
2022CU16   2.2452291  0.1513824 0.1159973  106.995393    32.667873   -36.821389
2022TC6    2.2457409  0.1517578 0.1157744  106.958256    32.693599   -36.856614
2023BX6    2.2453013  0.1516925 0.1157923  106.990273    32.677868   -36.838217
2023AH4    2.2457172  0.1516377 0.1156912  106.960618    32.683729   -36.850334
2022BM50   2.2457353  0.1518410 0.1155342  106.954305    32.704978   -36.866255
2023BZ6    2.2459895  0.1515306 0.1157158  106.941037    32.704193   -36.856282
2023BS11   2.2473386  0.1519275 0.1155128  106.844816    32.754401   -36.922244
2023BP9    2.2487364  0.1525481 0.1155196  106.744711    32.798682   -36.996251
2020HG179  2.2457070  0.1514305 0.1157595  106.960790    32.670812   -36.842579
2015BP523  2.2425754  0.1501858 0.1158965  107.185548    32.545142   -36.680547
2020BE131  2.2438217  0.1520596 0.1158064  107.096013    32.628076   -36.801054