Name         a (AU)       e       sin I     n (deg/yr)     g ("/yr)     s ("/yr)  
66583       2.6341698  0.1986578 0.0679751   84.187897    54.221894   -61.012552
279777      2.6345691  0.1988015 0.0679843   84.168730    54.240977   -61.056346
2008SO34    2.6346602  0.1988061 0.0679294   84.164365    54.247171   -61.065613
2012TF228   2.6347376  0.1988138 0.0679795   84.160675    54.248953   -61.070647
2014QV272   2.6347267  0.1988189 0.0679455   84.161204    54.249691   -61.070955
2006ST295   2.6342535  0.1986010 0.0679805   84.183897    54.224979   -61.012832
2007RC364   2.6348144  0.1987886 0.0679801   84.156977    54.252262   -61.073895
2007TM252   2.6345659  0.1987190 0.0679018   84.168856    54.243164   -61.050872
2016SV22    2.6345743  0.1987345 0.0679336   84.168480    54.242509   -61.052368
2020SN11    2.6338791  0.1986060 0.0679811   84.201849    54.207975   -60.984860
2021RK120   2.6343265  0.1986457 0.0679505   84.180379    54.229850   -61.025030
2021RY71    2.6344944  0.1985780 0.0679801   84.172327    54.235205   -61.020507
